1068
1073
1112
1112
1138
1129
1186
1151
1159
1233
1212
1139
1131
1193
1196
1212
1206
1219
1216
1191
1207
1222
1210
1205
1212
1137
1129
1200
1136
1126
1171
1221
1206
1217
1205
1209
1205
1212
1226
1132
1215
1222
1189
1146
1210
1209
1117
1220
1163
1141
1191
1143
1142
1116
1174
1138
1140
1145
1161
1147
1195
1200
1210
1207
1201
1209
1152
1216
1200
1155
1161
1155
1152
1207
1157
1162
1182
1203
1207
1131
1188
1192
1215
1235
1208
1059
1158
1139
1142
1210
1145
1241
1211
1348
1155
1220
1193
1206
1072
1189
1140
1169
1146
1157
1161
1160
1174
1174
1166
1195
1154
1099
1186
1195
1208
1218
1129
1141
1221
1117
1242
1223
1183
1160
1166
1161
1162
1177
1203
1166
1168
1194
1196
1175
1163
1191
1117
1162
1163
1157
1192
1235
1207
1155
1158
1156
1164
1231
1207
1223
1129
1149
1155
1126
1157
1125
1186
1135
1209
1216
1211
1165
1189
1188
1156
1188
1182
1214
1188
1158
1251
1196
1163
1157
1210
1148
1157
1190
1138
1207
1170
1159
1154
1154
1160
1249
1250
1259
1308
1246
1254
1255
1298
1316
1232
1257
1276
1248
1252
1291
1148
1050
1048
1124
1149
1160
1148
1147
1170
1323
114