782

651

660

649

611

645

903

807

801

801

818

820

807

832

686

676

873

875

824

811

806

815

817

769

823

812

820

827

818

728

826

744

796

814

824

824

819

810

814

810

812

816

825

818

812

737

822

810

822

812

815

815

811

805

812

808

811

817

738

829

810

775

814

875

809

817

808

739

1101

847

815

818

803

736

743

822

804

814

732

807

814

812

810

801

732

813

815

730

735

810

813

791

902

769

886

804

802

762

748

801

860

815

763

825

808

837

816

820

826

805

814

825

750

821

743

822

816

811

819

807

928

874

929

819

814

803

807

811

805

809

818

765

730

801

815

814

712

810

796

719

805

823

812

817

824

804

818

810

816

807

679

916

759

853

870

718

805

805

811

805

825

811

804

822

801

813

807

801

808

814

836

828

997

717

739

854

804

809

814

778

810

813

833

817

808

830

829

818

776

832

818

819

807

812

734

822

813

800

818

791

799

828

777

804

798

816

764

812

808

809

808

806

811

789

806

812

751

819

832

804

803

820

801

786

806

1010

728

881

746

812

819

810

799

776

819

797

929

815

815

797

828

803

773

796

813

799

810

803

817

802

815

797

813

799

809

650

814

800

815

806

826

798

810

813

828

829

807

832

815

797

826

829

810

832

826

804

805

818

726

690

717

797

817

810

809

815

788

798

812

829

730

820

814

822

806

795

824

815

805

822

820

819

818

805

818

813

813

741

812

797

810

832

768

815

819

806

817

821

814

821

810

817

816

816

809

818

816

814

825

816

775

957

633

807

793

798

809

795

804

809

793

802

763

805

690

802

794

805

796

789

804

715

799

799

801

708

788

811

795

975

783

794

795

769

789

773

778

704

713

705

789

753

787

745

780

794

809

794

788

801

800

759

686

708

904

835

705

690

805

796

804

824

813

791

805

791

808

807

760

716

796

775

792

802

778

790

804

793

801

790

785

802

804

688

796

790

780

795

688

818

804

805

799

794

829

789

797

798

802

793

818

801

802

806

799

784

823

1145

796

803

814

793

804

792

798

787

814

824

799

804

801

783

786

801

789

1810

844

792

690

692

756

681

681

816

801

799

800

809

814

798

803

814

802

792

794

791

774

791

801

680

807

803

797

805

786

804

815

789

807

942

873

892

775

772

797

796

736

784

753

800

770

792

801

802

788

774

681

783

791

806

816

826

821

863

827

858

852

851

870

865

886

777

874

892

900

900

901

897

915

913

921

928

932

929

923

949

953

917

986

958

849

835

952

865

867

866

1019

1059

1061

1022

1086

1040

1076

1107

1102

1099

1102

1131

1113

1063

1107

1057

1079

1069

1061

1114

1084

1076

1130

1097

1064

1100

1049

1061

1115

1116

1126

1086

1110

1116

1103

1114

1130

1131

1065

1105

1067

1110

1058

1120

1127

1110

1119

1128

952

1015

1017

1126

1044

1095

1074

1048

1063

1069

1080

1069

1089

1038

1089

1080

1080

1044

1099

1075

1096

1085

1076

1091

1049

1086

1090

1117

1109

1093

1104

1103

1129

1094

1050

1105

1122

1122

1093

1069

1046

1095

1099

1064

1098

1103

1085

1057

1110

1070

1090

1087

927

1053

1041

1020

1043

1061

1068

1084

1095

1121

1046

1060

1050

1109

1076

1098

1082

1062

1038

980

978

1084

1032

1116

971

1071

986

1087

1085

1084

1078

1081

1071

1067

1093

1071

1073

988

1083

1105

1073

1074

1059

1055

1099

1070

1082

1065

1109

1126

1075

1079

1077

1006

1142

1109

1060

1008

1054

1086

1047

1034

1059

1082

1081

1021

1068

1068

1047

1063

1051

1086

1047

1085

1073

1084

1001

1052

1042

1087

1110

1106

1040

1079

1091

1086

980

1048

1090

1079

1076

1077

995

1091

1085

1074

1100

1048

1059

1082

1080

1054

1085

1068

1072

1048

1180

925

1098

1105

1067

1076

1086

1078

1032

1029

1030

988

1088

1090

1084

1075

1072

1027

1092

1073

1065

1093

1102

1079

1061

976

1063

1059

1073

1003

1063

1031

992

1060

1039

1043

1074

1088

994

960

1076

999

999

890

1004

983

1060

894

1073

1072

1068

1037

1027

895

1132

949

1034

1031

1056

1019

1087

981

1078

1064

1042

987

909

1026

986

1071

1052

908

1087

1067

1059

1016

1084

1093

1068

1057

1065

1045

1074

1066

1056

1002

1050

991

1059

990

999

986

990

992

983

989

973

994

944

947

1042

1045

1088

1026

1035

1076

1004

1124

919

1045

921

1003

1067

919

997

999

996

922

1003

1060

1072

1063

1053

1057

984

978

971

991

1000

985

998

983

985

999

1011

986

979

1048

980

960

992

1070

1003

990

996

992

988

977

994

1001

1045

983

1058

976

987

1058

1060

1004

992

961

866

1042

981

1000

1026

1076

881

1059

1050

1056

1023

963

897

989

992

991

982

1059

979

1061

1071

999

995

995

985

975

986

1005

977

983

903

983

902

1001

994

991

975

1022

987

1000

985

1078

1011

1076

1063

1055

1051

1047

987

995

984

986

964

990

958

946

1046

969

989

901

983

1051

1015

1061

972

980

984

989

878

994

1007

974

986

971

974

957

956

969

1053

1062

1044

1066

1046

1059

1050

1029

1078

1051

1058

1046

956

1050

1058

1056

1036

1072

1019

977

1039

968

955

985

985

1001

1042

971

1073

969

1049

1010

1040

966

1052

961

1071

984

986

970

962

986

965

989

979

892

968

952

963

1032

985

991

968

983

980

1044

974

987

982

972

969

955

956

982

965

972

972

956

952

972

1016

887

1062

997

968

969

1028

952

1048

1035

1048

1073

957

965

1016

954

1071

1069

972

977

972

945

951

955

959

946

958

958

957

969

960

1027

951

1029

1044

962

944

960

1035

1028

926

944

952

950

954

962

964

1030

870

1056

1055

965

911

965

966

845

954

971

965

955

959

944

889

979

845

877

1055

1010

954

958

970

955

973

976

955

973

969

959

971

971

960

973

979

954

964

975

959

945

966

961

965

928

978

983

971

968

971

1006

983

983

976

955

944

972

1058

983

967

952

952

974

959

1292

1038

1013

992

977

1000

955

885

959

944

844

955

963

961

957

967

996

956

966

878

956

974

974

951

863

959

965

964

859

972

972

948

958

944

974

961

959

967

942

958

961

953

894

1020

962

953

942

954

866

939

955

969

958

862

951

930

948

952

959

1080

1046

1033

985

972

997

996

954

950

951

938

949

943

939

944

949

950

946

958

945

953

951

947

952

972

978

959

945

949

951

948

858

951

965

1061

956

942

972

950

976

966

856

960

948

866

945

964

1029

933

933

948

929

1109

786

893

1019

969

953

950

928

952

928

957

953

1025

941

961

954

931

951

940

961

955

942

944

916

964

928

937

955

855

853

932

938

1018

928

956

957

977

855

951

885

947

948

939

929

930

945

1020

946

856

947

932

959

962

884

996

1009

922

862

958

961

947

937

946

945

957

947

934

970

970

944

958

951

961

945

943

945

950

953

947

953

942

931

1059

932

948

940

1024

956

855

951

955

1061

958

944

964

953

934

941

937

952

964

923

933

932

945

950

874

1038

934

938

973

930

911

939

899

948

938

933

932

941

925

926

940

944

944

946

948

848

938

940

944

857

1101

1031

939

930

952

940

935

902

955

931

938

932

942

952

935

1027

960

933

939

943

938

917

946

964

935

930

941

941

950

924

1054

765

946

944

932

935

921

925

922

924

921

958

1013

970

924

938

924

975

926

958

963

998

927

939

940

946

925

919

925

923

938

937

951

935

931

930

997

816

938

942

949

948

940

946

927

927

947

936

938

949

938

920

935

1026

977

964

932

923

929

919

918

925

928

908

924

937

933

929

918

937

990

1017

966

994

921

930

937

921

936

1016

867

862

1020

912

1026

937

1014

925

1013

921

1029

931

935

943

913

929

1010

939

1015

916

929

996

945

913

932

929

1057

849

957

912

922

918

924

940

932

928

937

919

908

930

935

951

928

912

941

910

925

946

851

838

926

930

1001

930

919

930

922

926

889

933

922

932

867

938

941

936

916

921

917

921

923

926

926

921

921

924

910

932

1166

861

801

904

902

912

909

910

919

934

924

922

932

834

920

960

923

923

934

921

829

918

912

915

792

946

914

912

923

917

920

917

902

947

853

928

910

927

909

945

936

925

922

922

926

919

909

905

916

928

927

915

825

932

1025

720

919

935

909

921

932

913

920

921

929

917

923

928

921

1066

824

917

930

932

818

928

922

949

910

918

935

930

905

1002

810

947

899

929

918

930

930

904

931

819

937

918

918

944

919

915

952

966

1001

872

920

917

903

936

938

872

983

987

910

909

915

911

993

888

918

904

905

922

921

817

918

920

919

925

997

820

907

924

912

908

935

918

912

918

907

902

919

918

927

929

943

921

891

905

836

925

898

913

904

907

907

918

909

909

910

816

785

918

1004

931

924

913

902

918

893

909

907

902

904

911

921

934

912

899

909

907

923

908

895

910

917

905

906

911

902

913

921

917

812

842

911

908

914

903

910

915

909

909

908

906

906

927

942

934

919

948

933

949

955

901

1000

994

939

877

945

1039

1033

1047

1028

1095

1077

1068

1011

987

1103

898

999

996

1105

1051

1007

926

1028

1097

1117

1044

1032

1041

1027

1083

1132

1158

1143

1144

1142

1055

1114

1150

1134

1159

1126

1133

1185

1165

1153

1133

1157

1140

1149

1179

1114

1059

1389

1090

1111

1036

1153

1175

1147

1156

1153

1157

1156

1156

1147

1157

1053

1156

1139

1150

1148

1158

1113

1084

1133

1162

1162

1155

1165

1149

1123

1161

1167

1143

1171

1160

1165

1173

1158

1195

992

1076

1034

1115

1145

1141

1132

1157

1153

1158

1165

1176

1174

1139

1081

1492

1118

1111

1108

1097

1105

1142

1156

1135

1140

1165

1107

1101

1139

1132

1107

1159

1101

1138

1113

1141

1128

1158

1148

1164

1157

1157

1160

1157

1156

1132

1116

1130

1167

1154

1163

1116

1187

1155

1159

1153

1129

1148

1159

1141

1127

993

1158

1117

1150

1089

1140

989

1081

1002

1133

1140

1164

1154

1137

959

1006

1105

1149

1164

1166

1145

1155

1165

1090

1156

1108

1138

1159

1135

1139

1137

1155

1154

1160

1113

1134

1135

1094

1161

1125

1091

1147

1110

1146

1102

1144

1103

1147

1145

985

1140

1102

1180

1088

1050

1108

1152

1122

1020

1133

1101

1137

1110

1160

1051

1153

1117

1146

1143

1034

1142

1133

1122

1101

1153

1164

1063

1131

1135

1122

1130

1176

1139

1110

1154

1065

1060

1144

1129

1126

1038

1151

1056

1113

1129

1051

1148

1172

1114

1128

1134

1074

1134

1066

1060

1152

962

1138

1071

1075

1163

1015

1090

1099

1153

1151

1109

1154

1116

1114

1036

1134

1143

1136

1143

1147

1122

1122

1127

1158

1167

1085

1156

1086

1090

1135

1131

1159

1164

1141

1118

1161

1154

1136

1161

1140

1160

1136

1128

1041

1144

1136

1140

1159

1059

1081

1093

1126

1110

1047

1157

1069

1149

1081

1754

1102

1121

932

1107

1107

1138

1098

1107

1118

1096

1148

1126

1146

1146

1104

1162

1087

1153

999

1097

1128

1127

1127

1138

1134

1093

1131

1137

1138

1162

1139

1096

1103

1113

1123

1118

1127

1097

1132

1050

1057

1057

1129

1059

1047

1115

1136

1052

1052

1063

1068

1184

836

1107

1112

1131

1050

1066

1045

1064

1072

1130

1074

1071

1050

1151

1053

980

1042

1056

1134

1121

1058

1059

1014

1066

1066

1067

1072

1039

1071

1079

1043

1062

1121

1049

961

1051

1079

1061

1058

1054

1082

1143

1046

1064

1061

1043

1063

1038

1047

1044

1066

1061

1061

1038

1085

1067

1067

1039

1044

1059

1036

1037

1038

1032

1054

1056

1053

1018

1040

1035

1033

1060

1036

1104

1131

1047

1049

1031

1030

1048

1019

1052

1124

1059

958

1054

1049

1043

986

1072

1074

980

1039

1049

1057

1054

1065

1034

1029

1082

1052

1026

1032

1042

1049

1304

952

1078

1102

1128

1120

1116

1098

1121

1125

1138

1114

1145

1119

1131

1124

1102

1112

1083

1089

1077

1130

1141

1109

1118

1121

1093

1149

1118

1122

1117

1141

1157

1053

1125

1121

1038

967

1105

1115

1138

1132

1078

1070

1049

1125

1159

1118

1115

1020

1041

1107

1196

1060

1045

1044

1067

1092

1036

1110

1107

1108

1079

1071

1154

1107

1110

1124

1136

1131

1065

1079

1058

1166

1115

1131

1071

1101

1110

1089

1072

1112

1113

1127

1110

1116

1043

1142

1084

1060

1068

1125

1117

1135

1037

1126

1124

1040

1050

1129

1111

1063

1033

1106

1103

981

1132

1063

1104

1084

1123

1098

1095

1107

1104

1116

1123

1117

1115

1112

1081

1086

1120

1113

1094

1097

1095

1122

1041

977

1093

1070

1118

1177

1063

1086

1084

1053

1091

1110

1109

1057

1066

1132

1120

1054

1070

1137

1096

1119

1074

1064

1055

1159

1078

1061

1050

1024

993

1218

1122

1102

1122

1090

1030

1112

1110

1133

975

1061

1028

1039

1004

1029

1035

1056

1112

1022

1108

1104

1100

1097

1047

1051

1059

1060

1070

1067

1038

1037

1039

1029

1052

1041

936

1049

1097

1021

1054

1028

1048

1100

1123

1137

1054

1110

1099

1040

1064

1027

1024

1039

1009

1088

1009

1119

1021

1015

1029

1127

1049

1037

1018

1015

1044

1016

1037

1083

1081

1096

1050

1129

1006

1109

1096

1109

1106

1095

987

948

1137

1109

1124

1108

1042

1057

1104

1054

944

1040

1049

1056

1035

1049

935

1056

1082

1024

1049

1020

1130

925

1044

1049

877

1054

1046

1103

1111

1085

1087

1068

1123

1065

1044

1110

1066

1022

1018

1110

1098

1100

1089

1082

1107

1112

1027

1124

1109

1108

1108

1080

1124

1075

1110

1053

1113

1041

1124

930

1018

1097

1100

1102

1104

1035

1040

1038

1058

1085

951

1051

1022

1031

1040

1013

903

1021

1042

1098

1029

1058

1026

1041

1080

1029

1052

1064

1114

1021

1022

1112

1028

1089

1075

1077

1110

1117

935

955

1041

1007

1009

1032

1044

1099

1017

1020

1027

1015

1032

1032

1043

1099

1099

1080

1093

1019

1065

1119

1094

1084

1015

1018

1039

952

1058

1013

1059

1091

1001

1041

994

1051

1032

1079

1063

1024

1094

1081

1092

1078

1109

1025

900

1045

1095

1081

1087

1102

1100

1071

1088

1100

1023

1108

1063

1106

1041

1041

1122

1013

1003

1106

1033

1029

1021

1015

1018

1032

1014

1037

1125

1029

1045

1019

956

1035

1033

1034

1020

914

884

1004

1077

1042

1089

1099

1022

1017

1007

1098

1098

935

1097

1092

1054

1116

1095

1082

894

1052

1081

1080

1090

1091

1084

1016

1110

1012

1059

1049

1019

1049

1048

1035

1038

1029

1052

1038

1076

910

1054

1049

1066

1017

1113

1026

1006

1029

1052

1036

923

1155

945

1038

1048

1052

1035

1031

1040

1112

1048

1073

1055

1061

981

1102

1078

1067

1080

1109

1044

1041

1056

1111

1026

1081

1112

1076

1028

1032

998

1030

1007

1007

1019

1024

1019

1016

1042

1028

1014

995

1014

1010

1012

996

1005

966

1031

1030

1019

1018

1021

1053

1011

956

975

989

1026

1081

1096

1003

1076

1038

998

1075

1004

1048

1069

1086

1039

1076

1067

1098

1050

1086

1029

1074

1047

1026

1023

1025

992

1017

1054

1041

1075

1055

1021

1022

1001

1031

1015

1028

1044

995

1013

1017

1026

1007

1023

1031

1067

1057

1047

1072

1013

1135

904

991

1057

1040

992

1083

1044

1035

1045

1079

1068

996

1005

1073

1025

1045

1082

1032

1098

934

1078

1083

1009

999

1019

1025

1021

1007

1039

1019

991

1025

1000

1039

1000

1001

1023

1002

1039

1008

1044

1020

992

984

991

1020

991

991

1075

1037

1025

901

935

916

1015

1057

977

944

1062

1074

1054

1046

1066

1019

1092

1063

1054

1054

1026

1064

1041

1076

1081

1022

1045

1030

1067

947

1065

1038

1038

1049

1032

1007

1027

1048

1016

1010

1042

1019

1039

1019

1002

1016

999

1029

988

1004

1113

985

1067

1082

970

1078

1110

899

1051

1002

1049

1041

1097

1061

1009

1054

1043

881

1056

1062

1013

1043

1092

1056

1087

1026

1074

1030

1032

916

1019

1005

1007

1010

987

958

1007

1012

1041

897

1037

1004

1014

1030

971

1037

1034

1016

998

994

1074

1086

1054

1068

983

1090

973

1079

1052

963

1013

1069

1064

1230

859

932

1093

988

1029

1084

1021

1058

1066

1070

1082

1055

1063

1058

1075

1091

1016

1030

1074

1039

961

1072

1069

1041

1075

920

1077

1042

1006

990

1009

1061

1064

1020

1005

995

946

1033

956

1073

1041

1128

1055

1051

1087

1086

1088

1063

1112

1078

1054

1084

1006

1146

927

952

976

1065

853

1055

1025

1026

1058

1086

1070

974

1050

1085

1082

1086

980

1012

1026

984

1066

1060

992

1056

991

1014

983

992

991

978

992

1000

994

1049

1068

1056

1049

1004

1045

966

1100

1048

989

1030

965

1073

1022

1047

882

981

1047

882

1072

968

952

950

1002

1087

1071

1016

1072

1006

979

982

984

963

994

1009

968

1053

985

1015

1016

1003

1056

984

968

976

988

1060

1016

971

961

980

989

962

969

1036

977

1000

1041

977

959

983

1065

1050

1012

1060

1058

963

984

973

991

1106

1222

840

987

896

970

973

1085

1008

1060

1049

977

1048

964

976

1026

991

1000

1026

963

984

976

983

967

994

1029

986

1008

992

970

1068

1053

970

964

962

1068

1043

961

998

1032

1066

972

982

969

1079

970

963

938

959

970

980

984

981

864

1035

896

1015

1025

961

1002

1011

977

1023

977

1032

989

975

1011

1008

977

994

996

1021

983

991

997

983

983

963

1002

989

994

985

979

981

968

989

952

1011

927

951

1010

982

962

995

992

987

1016

960

1027

996

874

1036

965

1045

1373

848

999

930

1014

993

989

992

1000

1000

995

1014

994

981

982

996

991

876

987

991

999

1023

978

965

976

1008

984

973

952

1007

1001

972

970

992

977

1029

986

965

964

1011

969

981

965

1082

1026

957

994

982

975

975

1015

1036

971

1009

869

995

1030

905

1006

887

981

997

1072

994

1064

1003

1001

1012

969

968

968

950

980

953

980

1034

963

966

1020

1051

970

968

955

951

1074

947

957

966

950

957

971

969

980

949

1004

980

961

966

962

969

978

952

988

972

976

975

806

1013

975

1022

1051

1005

979

983

1037

1009

1022

1015

951

1050

998

976

1023

890

1022

1057

1046

1038

985

1009

991

973

1014

938

962

982

1016

980

933

963

967

977

954

966

992

979

971

954

936

982

963

961

958

965

1003

955

961

981

952

1190

974

970

971

955

1041

949

967

981

948

1032

947

1043

954

892

1119

976

965

959

859

972

944

963

976

962

950

986

949

946

934

944

950

956

937

1000

969

971

962

964

965

984

977

999

979

963

994

993

988

996

959

979

978

857

985

975

983

981

980

957

948

956

975

956

975

892

1020

970

987

958

949

960

962

985

995

956

965

990

979

980

983

990

970

946

936

964

991

864

935

969

978

951

1003

1000

1000

990

988

998

990

979

941

995

998

913

982

804

809

953

1007

980

943

993

965

992

965

942

954

929

954

965

951

961

980

976

980

934

948

948

964

975

950

963

946

951

929

971

970

965

960

983

928

974

1006

976

988

949

962

972

967

976

975

963

966

963

962

960

970

941

1024

821

1008

942

946

1007

961

967

1000

1005

947

954

971

1011

982

976

979

986

938

982

986

1002

941

946

954

927

948

938

961

962

888

913

943

970

979

1018

969

954

956

976

977

980

960

991

962

963

977

951

942

991

966

973

894

813

1020

953

964

914

991

950

982

978

967

1003

880

1014

962

955

952

955

996

946

961

970

996

982

955

940

961

975

975

966

989

1006

990

960

970

943

959

948

957

972

954

976

952

942

965

968

1002

987

952

944

932

945

953

874

860

937

1016

1014

959

975

973

970

966

1021

931

939

954

938

923

938

911

969

954

922

925

943

950

952

978

962

955

977

992

964

959

933

953

963

981

867

930

951

964

985

980

951

942

933

923

949

952

955

982

950

968

970

881

999

962

932

973

999

949

978

945

955

997

964

981

944

948

975

949

975

961

938

1023

983

959

964

975

1006

945

939

956

941

999

955

953

933

1030

1000

952

1059

948

1030

983

975

959

938

903

1019

1045

947

987

988

946

934

840

971

913

966

941

989

946

961

982

954

867

947

949

992

973

958

895

906

1016

902

991

984

834

920

977

970

1003

970

982

912

988

929

980

994

939

972

954

945

977

1004

989

942

917

925

1017

932

956

990

951

941

964

965

899

828

947

957

966

895

966

938

969

971

948

952

978

1029

949

926

942

975

954

952

917

987

942

978

959

916

962

948

969

957

950

973

925

935

978

938

979

943

969

961

936

983

976

971

999

937

946

948

942

960

948

986

972

924

1176

903

972

855

925

944

927

963

958

942

943

929

961

947

953

941

928

967

892

962

906

903

966

957

950

853

919

974

931

948

953

913

978

952

980

953

955

985

972

925

980

897

950

946

955

955

873

905

981

977

947

780

975

932

979

961

936

963

955

947

846

919

959

934

957

937

942

929

916

962

900

956

974

988

964

930

909

969

964

960

938

939

943

932

937

911

953

997

948

942

960

850

929

926

943

949

918

910

951

954

926

917

931

947

788

766

951

956

955

935

943

924

961

946

907

966

965

893

942

941

931

916

941

932

845

934

922

935

940

949

931

932

964

943

952

959

901

911

952

958

932

919

844

798

958

954

998

899

971

930

998

942

966

845

932

979

867

907

936

960

888

903

944

936

953

970

937

958

944

967

947

917

960

933

940

921

906

953

917

954

916

937

972

939

938

978

887

903

913

923

967

982

911

994

940

919

916

932

942

918

985

906

940

919

899

932

977

934

914

1012

800

961

943

948

959

947

902

952

974

916

876

925

942

950

939

934

914

958

939

946

953

906

925

932

946

940

1008

926

952

888

969

895

980

959

1006

930

935

960

879

920

875

872

879

941

954

945

889

960

930

913

949

811

842

913

950

878

827

960

927

907

839

951

938

951

935

945

923

929

954

953

927

871

945

927

960

968

882

921

919

965

904

927

973

939

932

921

879

978

898

960

950

927

966

879

934

955

920

960

923

980

928

814

940

929

836

714

825

886

914

927

907

934

926

936

932

928

937

903

896

942

907

876

920

912

943

879

930

920

925

928

930

881

959

901

889

920

894

915

831

904

905

913

920

895

931

901

920

919

956

927

979

888

955

925

955

920

791

688

1029

851

925

920

952

899

899

905

891

911

924

897

918

916

937

906

904

899

904

903

934

924

915

894

936

969

1004

933

901

902

930

887

947

913

945

955

914

913

895

897

912

866

924

870

931

907

890

919

868

824

912

804

919

956

855

871

946

887

913

941

899

916

908

920

939

924

941

886

908

886

943

880

908

867

908

876

908

955

870

964

768

917

928

875

936

873

954

903

884

949

956

906

918

893

943

884

925

904

896

890

921

897

929

934

734

903

960

842

910

912

931

803

828

912

964

817

930

919

910

940

914

908

935

942

972

951

1011

951

946

977

1030

955

971

944

1016

1003

1000

936

973

1038

1006

1005

985

902

991

1043

1044

1006

1079

1064

1033

1059

1064

1022

1055

1276

1520

950

1024

1046

1070

1176

1129

1076

1084

1075

1152

1116

1122

1073

1147

1077

1071

1103

1080

1130

1133

1083

1111

1066

1116

1121

1056

1050

1135

1139

1080

1142

1082

1035

1121

1096

1051

954

1068

1098

1131

1121

1058

1054

1124

1120

1141

1101

1132

1122

1128

1115

1122

979

1182

1065

1087

1074

1077

1059

1071

1042

1058

1118

1088

1112

1083

1103

1057

1099

1130

1133

1088

1081

1116

1116

1126

1038

1079

1132

1139

1073

1053

1062

1084

1072

1143

962

1068

1098

1112

1147

1090

1076

1090

1067

1066

1092

1083

1074

1052

1150

1133

1050

1089

1049

954

1139

1038

1015

1102

1141

1116

1067

1094

1056

1112

1108

1087

1101

1100

1097

1054

1064

1129

1072

1102

1051

1134

1068

1156

1031

1078

1080

1098

1108

1090

1021

1054

1107

1105

1104

1033

1078

1101

1025

1054

1060

1089

1130

1107

1052

1089

1060

1029

1063

1102

1044

1065

1102

1068

897

1269

1203

978

1061

1123

1024

1110

1071

1097

1042

1033

1053

1088

1072

1100

1110

1090

1095

1045

1078

1044

1068

1103

1105

1099

1039

1084

1107

1101

1105

1100

1075

1098

1051

1087

1065

1076

1095

1104

1093

1031

1076

1034

1050

1025

1044

1120

1054

1064

1066

1018

1081

1077

1202

1087

1075

1055

1091

1039

1059

1091

1064

1061

1115

1077

1061

1092

1082

1111

1114

1022

1073

1083

1052

1111

1030

1076

1087

1019

1082

1044

1085

1126

1094

1049

1065

1044

1097

1040

1080

1007

1078

1107

1066

1109

1041

1087

1096

1053

1032

1055

1050

1029

1059

1418

904

1063

1020

999

1087

1062

1033

1083

1066

1066

1046

1057

1094

1090

1118

1043

1076

1106

1101

1097

1005

1033

1032

1038

1082

1050

1055

1046

1103

1006

1059

1083

1036

1068

1032

1083

1041

1002

1043

1030

1073

1063

1103

1099

1095

1080

1032

1068

1100

1063

1064

1050

976

1004

1114

1038

1075

1041

1113

1092

1046

1059

1053

1048

1090

1043

1104

1097

1039

1040

1028

966

1045

1090

1054

1049

1029

1075

1059

1094

1043

1041

1044

1069

1047

1034

1084

1062

1071

1053

1087

1079

1099

1071

1045

1029

1001

1041

1067

1084

1046

1050

1052

1093

1072

941

1030

1056

1049

1029

1046

1097

1053

1065

1097

1035

1074

990

1049

1077

1062

1064

1103

1044

1058

1040

1030

1032

1045

1085

1042

1110

1041

1072

1037

1066

1059

922

1112

1106

1054

1050

1069

1032

1092

1042

1064

1058

1038

1048

1038

1061

1040

1051

1040

1030

1044

1047

919

962

1038

1024

938

1038

1048

1047

957

1077

1041

1042

1015

1074

1042

1078

1056

1018

1056

1048

980

1018

1060

1054

1039

1103

1086

1019

1068

1078

1072

1051

1058

1045

1073

1063

1052

1068

1049

1054

1110

1042

1052

1041

1053

1077

1050

1028

1093

1088

1028

1043

1112

841

1039

1018

1044

885

933

1036

1055

1038

1044

941

1039

1053

950

1044

1047

1033

1078

1084

1022

1073

1038

1036

953

1090

1019

1076

940

1081

1010

1042

1011

1031

1050

1016

1017

1102

1094

1023

1058

1045

1015

1075

1041

1031

1046

1028

1044

1055

1018

1024

1037

955

928

1027

1042

1023

1057

1033

1047

1036

1013

1050

1050

1038

1042

1036

1065

1021

1032

1046

1100

967

1073

1032

1022

1036

1020

1084

1087

1040

1043

1035

1027

1029

1001

1050

1049

1051

1007

1020

1051

1045

1027

1002

1066

1030

1043

1031

1038

1050

1031

1052

1053

1024

1003

1159

1032

1010

1019

1017

1030

1026

1074

1027

1051

1050

1012

1028

1060

1036

1044

1038

1050

1030

1022

1045

1062

999

1028

1064

1040

1033

1039

1039

1051

1037

1039

1014

1039

995

1015

1040

1074

1035

1036

1017

1018

1015

1022

1055

1051

1010

1030

1025

992

1009

903

860

891

1016

1018

1045

1009

1031

1023

1044

1016

1017

1037

1038

1036

1023

1068

1041

985

1018

1038

1025

1034

1003

1017

1045

1036

1021

1009

1020

1041

1025

1017

1007

1062

1060

1098

1024

1007

1026

1035

1032

1052

1023

1004

1069

1036

1014

983

1022

1022

1018

1027

919

1198

992

1020

1084

1054

1029

1020

1040

1030

996

1010

1051

1017

1005

1017

1028

1015

1021

862

1010

1099

1003

1024

1024

1019

1007

999

1020

1006

1007

1014

1007

1070

1012

1016

1020

1042

1014

1024

1027

1024

1045

1021

1013

990

1022

1010

1017

1008

976

1046

904

953

950

949

1019

986

981

1018

1024

1023

1016

1011

1006

1026

1007

1028

1014

1008

1009

1020

995

998

1011

1006

1016

1051

1034

1011

973

1002

1012

1030

1006

1034

1022

1021

1059

998

974

1006

1026

1029

1011

984

1005

1014

1025

1023

1028

944

1022

998

1017

997

1056

959

967

1014

1019

1005

1009

1024

999

1018

1014

1044

1034

1024

944

1022

1009

1056

1022

1044

1010

1026

1003

1020

1021

1043

1031

1062

1022

986

1056

1028

1008

1046

981

1024

1016

1022

1023

983

1025

1026

1027

1044

1009

1066

1014

1026

1025

1003

1016

1001

873

1093

1074

1018

1033

1071

1042

1049

1045

1028

1034

1049

1010

1055

1037

1042

1023

1086

1030

1028

1043

1008

1071

1028

997

990

1010

1006

1044

1018

1039

1019

1027

1043

1029

1031

1027

974

1038

1015

1003

1029

1018

947

1018

1083

1029

1056

1029

992

1087

1000

894

1084

1002

1047

1027

978

1025

1031

1008

1030

1010

903

998

1045

1013

1015

1043

975

1018

1042

1010

1031

1031

1013

984

1028

901

859

921

1029

1002

1012

999

1015

1028

982

990

1032

987

903

1079

938

1009

1013

1008

1046

1046

1001

1064

1028

1021

1018

1349

788

962

967

947

921

1022

1007

974

1003

1015

1025

1003

1011

1015

1047

1022

1016

1010

1004

987

1010

1009

1014

1019

1055

1019

1018

964

1033

1025

999

1024

959

1029

1035

1040

997

1018

1020

1025

1008

972

1014

973

989

991

997

1007

1006

1015

872

1029

886

859

1035

988

998

1001

1027

1003

1001

1013

958

995

973

980

1008

1005

1011

1008

998

1005

1004

962

977

979

1031

967

990

996

999

970

1008

1054

1006

1009

997

983

1052

980

977

997

969

1028

970

981

1004

874

983

1014

1008

995

999

1006

981

891

779

979

1014

989

1008

1002

984

876

999

999

996

1005

970

1009

933

974

942

961

978

1038

1004

976

954

1009

1004

1002

975

989

1011

992

1021

952

954

971

974

959

946

951

971

991

987

974

953

998

996

977

983

963

992

1015

1016

868

938

958

994

985

983

1006

1054

993

1003

995

987

965

985

1009

974

960

974

983

993

831

962

992

988

1000

941

1026

980

1018

991

964

1007

964

945

959

963

986

895

996

981

1004

969

945

991

1034

963

1014

989

992

992

871

974

988

965

884

970

1031

988

973

972

959

973

980

1009

967

955

996

997

991

984

999

977

989

998

981

965

997

1005

985

938

938

979

957

970

966

969

948

952

944

966

933

969

954

944

996

971

994

982

997

975

872

967

968

991

991

990

929

941

937

938

966

957

977

983

964

958

999

980

1007

999

1009

956

973

990

972

962

984

979

985

987

966

997

1001

994

1009

990

975

987

987

966

977

1004

976

990

1000

983

975

990

984

995

975

970

974

983

984

981

979

992

897

894

921

1061

995

997

999

981

1018

994

1004

1018

1016

1011

1036

1036

1035

1010

1054

1046

1037

1034

1002

1024

1055

1052

1031

1040

1066

1067

1071

1065

1046

1059

1022

969

1043

1020

1061

1077

1008

1085

1101

1098

1100

1071

1087

1091

999

1083

1090

1071

1044

1054

960

1142

1063

1080

1118

1130

1125

1059

964

1088

1125

1134

1152

1052

1109

1073

1132

1062

970

950

1055

1053

1053

1055

1052

1009

1084

1045

1053

1062

1094

1061

1042

931

1052

1066

1071

1042

1063

1078

1073

1139

1081

1060

1077

1055

1068

1046

1085

1036

1023

1056

1004

964

995

907

1025

1085

1025

1048

1052

1056

1039

1035

1063

982

1107

1072

1067

1068

974

1070

1049

1042

959

1069

1048

1068

1119

1058

1080

1058

1118

1094

1059

1067

1051

1057

1102

1125

1073

1068

1075

1086

1003

1055

1067

1059

1076

1053

1025

1060

1129

1075

946

1004

995

1093

1029

1053

1057

1043

1049

1046

1063

1076

1114

1045

1049

1114

1112

1119

1048

1067

1032

1059

1044

1102

1041

1111

1082

1114

1065

1049

1063

1071

1136

1112

1138

1087

1019

1104

1099

1123

1099

1097

1060

1053

1119

1098

1107

1091

1067

1042

1058

1118

1063

929

1043

1035

1046

1075

1063

1056

1089

1059

1094

1030

1045

1053

1068

1056

1063

932

948

1086

1081

1117

1093

968

1086

1096

1126

1031

939

1130

1076

1108

1107

1046

1062

1108

1090

1123

1106

1063

1105

1049

1091

1127

1115

1108

1063

1015

1024

1064

975

1083

1043

1005

880

992

1041

1006

953

1060

1088

1055

1052

1069

1057

1037

1048

1043

1056

1062

1119

1072

1049

1069

1055

1057

1025

1090

1066

1032

1044

1078

1082

1073

1065

1098

1098

1052

1080

1063

1053

1080

1077

1086

1082

1062

1074

1049

1087

1108

1122

1067

1074

1061

1056

1103

846

1134

990

1008

1048

1025

1045

968

1083

1100

1054

1022

1013

952

1058

1022

1021

1008

951

1026

1020

1052

1048

1007

948

1002

1076

1045

1026

1006

996

1093

998

1007

1029

1101

1096

973

1017

1002

1028

896

961

1087

1083

1074

1052

1011

996

956

1002

1070

942

906

1043

1019

980

1061

1106

1058

1048

1057

1057

1028

963

1021

1035

1058

1001

1039

1041

984

1055

969

1051

1082

1011

1090

1066

1090

1028

1083

1054

1010

1050

1064

1074

1061

1042

1063

1011

927

1046

1019

1040

1041

1024

1031

1050

1058

1041

1009

976

1035

1077

1020

1041

873

1068

1061

1034

990

1057

1049

1047

1065

1026

1016

1020

1017

1030

1020

1118

1100

1106

1124

1104

1094

1112

1078

1110

1040

1070

1119

1083

1096

872

1085

1032

1082

1008

933

1032

1043

966

1027

1046

1056

1045

1022

1062

1021

1059

1058

1111

1086

1115

1082

1092

1095

1109

1020

1244

1027

942

1040

1022

1050

1059

1041

1031

1038

1053

959

1021

1013

981

1016

1003

956

1109

972

1109

1114

1073

1078

1107

1111

1085

1058

961

1017

1060

1060

1071

1056

1013

1034

1036

1040

1047

954

1043

1046

1128

1085

1049

1102

1110

1092

1121

1003

975

962

944

908

1000

1025

1055

990

957

940

978

928

1057

1053

1027

1056

1010

1014

1034

1041

1038

1111

1094

1092

1096

949

982

1103

1027

1009

1020

1001

929

970

1004

1028

1013

1011

993

845

914

909

1012

1093

1081

1106

1098

1110

1090

1089

1087

1086

956

1146

857

894

1067

1042

1006

895

972

999

924

1052

1032

974

963

1003

957

859

1049

1090

1089

1095

1099

1112

1080

1100

1075

1041

1010

1005

1006

978

897

924

936

1027

1028

908

874

1012

1016

1029

989

946

988

1105

1116

986

1037

1038

963

1023

1097

1085

1131

834

1018

1016

994

1007

1028

963

1008

999

998

1019

966

891

1001

1000

1006

963

877

1017

1107

1086

977

968

867

902

911

950

853

914

908

1044

1011

878

1004

983

943

947

987

947

1039

1029

1010

966

1039

1074

1029

978

1099

1085

1083

1097

1095

1022

998

1016

980

963

936

1004

996

1010

964

850

1011

1034

1013

1002

998

977

986

912

1003

981

986

983

1006

956

967

899

996

1051

1006

1002

1004

1030

979

982

1040

1034

1037

1078

1049

840

1036

1098

959

969

973

983

984

956

932

932

842

922

945

1088

1094

849

1027

985

983

945

1012

1012

1028

995

964

995

993

1011

963

978

999

1010

999

993

988

1019

1094

1028

1017

983

1007

992

1097

1070

1018

1076

1057

1086

1069

961

1086

1069

935

944

854

882

881

978

972

853

908

980

987

941

879

969

1018

996

963

833

871

1032

942

973

988

903

944

1012

1024

1019

911

894

1071

1011

988

1010

909

1001

1009

835

885

998

987

982

947

917

1071

1065

1075

1056

1077

1055

1069

981

937

943

965

983

923

826

911

998

1072

1085

990

1059

1069

866

963

985

959

925

926

959

973

970

892

895

992

997

927

1014

1023

1059

990

990

993

902

960

841

859

991

1003

976

849

1070

1069

1060

1064

1017

1076

1081

1071

919

931

976

955

960

922

823

995

965

994

1016

916

982

915

1006

951

948

828

1026

989

969

898

991

969

996

1002

965

988

896

1002

1006

973

978

996

977

944

835

885

988

1074

1057

1017

1043

1071

1045

1088

973

938

1067

1065

1071

880

967

873

924

918

831

901

969

966

962

833

975

954

990

1068

955

984

970

1345

849

977

920

975

991

966

849

1001

984

976

984

941

971

901

965

980

967

886

944

935

1031

1021

1057

1084

1056

1081

955

1014

1061

1040

1062

966

1061

1082

1071

949

951

1061

1073

1061

1076

1016

1074

1061

963

1002

1023

1048

1078

1022

1053

950

829

881

1019

1033

993

983

884

982

918

943

953

984

985

973

948

885

871

1092

1061

935

1047

1003

970

936

1031

1002

1077

1060

1045

1055

1046

1055

1077

897

1081

1072

1058

1053

1066

1060

1044

1076

1067

1065

1007

1062

916

911

1072

1047

1051

1081

1039

821

857

970

995

962

964

910

972

973

998

965

863

993

984

966

967

988

1016

997

1045

956

1062

1047

1060

1025

1066

1082

1104

975

970

909

824

927

1089

1050

973

1053

1044

913

1046

1051

897

1069

1055

1060

1077

938

918

1006

985

1065

968

831

869

834

960

930

963

991

976

997

1009

976

984

934

918

958

1055

960

1086

962

1092

1043

1077

933

926

1028

1076

1050

1036

915

949

1046

959

1064

1064

960

1005

1085

1055

912

917

1068

992

997

920

902

918

1063

1068

888

805

814

946

805

792

866

876

951

955

952

920

969

960

985

950

936

821

811

832

926

810

898

1050

948

973

910

944

999

1004

996

1014

984

921

1051

936

1043

1037

1036

921

954

1038

1042

937

1053

1019

962

889

1057

931

965

855

945

918

928

913

976

989

839

1021

885

802

866

891

949

937

865

904

803

857

897

946

904

1051

1041

1048

895

887

1048

1043

891

890

902

891

991

979

1043

1045

1020

1049

1024

1033

1054

1066

1046

918

1025

905

882

932

983

802

896

919

859

886

923

838

922

956

898

975

844

873

949

999

956

940

950

834

960

862

958

928

836

898

847

942

935

870

881

818

882

1063

1053

1093

987

883

918

971

898

896

892

903

1023

911

897

1047

967

907

949

848

968

828

981

985

969

955

986

975

906

956

982

864

938

1037

1035

1024

872

999

927

954

943

1014

963

922

985

979

960

980

922

967

970

944

1019

1087

1091

1101

1096

1099

1088

1085

1011

1093

1107

1096

983

1082

1097

1097

967

968

1013

1005

999

941

974

1003

994

886

932

990

963

978

1098

930

928

947

1027

999

945

997

986

990

1024

947

1005

1064

944

1004

1080

957

1113

986

1076

919

1098

1106

1068

1078

954

966

1099

1102

1113

982

1115

1107

1114

1116

1093

968

1021

1014

996

978

998

1003

1009

994

965

993

997

1018

1093

1095

943

937

1254

1192

1026

1040

1054

998

953

952

1029

1017

1028

922

1022

1027

960

1100

1105

960

1046

1036

999

963

1127

953

942

953

1121

948

1102

1034

1107

1076

971

1010

970

1038

1114

1118

953

1020

1001

1060

938

1092

933

1075

993

1011

1097

1091

1088

1063

949

900

1015

1011

972

968

991

982

962

1005

928

971

987

959

997

932

979

972

996

928

941

1092

1082

965

1094

1084

1062

1106

1089

1104

934

954

1005

962

895

982

1035

1004

976

968

923

981

850

1100

1111

1116

969

949

1098

985

1084

949

1078

1050

862

977

977

935

922

974

998

981

976

908

979

940

882

994

1007

983

925

1070

924

1017

975

1107

1122

931

1064

995

955

1025

1016

967

1011

1020

928

921

963

923

1006

924

1021

1040

1080

928

1089

1098

984

1010

920

962

1099

1110

1096

955

972

972

870

964

982

865

960

926

963

901

988

976

955

953

936

965

1026

932

1103

963

997

861

1103

961

1010

1327

935

979

931

916

957

988

933

942

914

974

959

969

990

938

924

1086

921

1084

896

960

1090

996

971

1078

1067

1005

1616

1197

887

961

923

974

912

929

958

903

895

957

927

955

988

979

1008

941

1101

956

1013

865

1043

919

990

930

910

897

994

999

985

986

907

913

991

969

997

899

1067

1056

1071

1071

927

848

1028

948

1002

824

1057

921

1029

1099

900

895

926

915

856

909

939

956

908

986

933

859

919

946

945

901

966

936

1084

937

993

912

964

931

978

938

950

929

899

915

904

911

944

947

908

933

1082

1059

1013

1039

928

1084

944

1050

891

991

920

1003

916

995

906

1083

1008

1063

886

940

1101

945

858

959

894

947

896

899

898

863

923

914

1061

905

912

978

966

938

945

905

894

945

913

919

899

915

920

939

1062

896

989

1076

823

1023

956

1004

935

896

906

902

902

1046

1156

998

897

1084

1067

915

918

936

887

952

838

937

894

914

891

883

897

908

911

892

889

932

916

987

923

831

890

898

903

899

932

922

897

956

887

890

912

999

923

929

898

882

901

900

1071

934

879

895

1066

996

885

910

902

973

1050

958

893

916

1038

909

881

857

830

1038

942

902

844

921

921

900

913

969

883

846

822

852

929

909

884

913

927

896

896

915

924

949

918

890

989

1050

906

886

884

1002

1086

938

895

891

931

994

1069

1107

907

1000

973

899

1051

888

898

879

891

885

884

861

948

924

999

929

848

897

883

885

867

904

924

876

881

892

861

892

882

872

905

899

884

831

885

862

852

879

871

840

973

886

934

903

988

901

904

1009

904

968

889

865

979

908

1014

887

992

985

919

900

917

894

905

891

857

876

982

898

881

900

880

903

839

855

829

885

923

903

890

861

846

921

877

929

887

1022

819

898

888

887

902

920

963

828

991

893

967

836

960

951

889

891

980

885

880

879

1045

983

918

978

902

927

896

896

861

845

893

824

854

1035

1039

832

819

841

910

910

903

819

886

851

875

816

832

822

835

871

965

882

937

897

891

824

975

930

888

909

971

890

866

979

874

834

956

1007

924

918

828

840

966

878

849

818

879

840

869

888

883

861

905

893

915

903

864

848

932

898

825

939

879

820

889

908

891

914

899

889

883

958

839

888

957

925

916

886

909

828

902

1036

902

1026

870

899

1020

921

971

879

805

1013

834

885

877

820

1031

877

986

892

974

912

838

917

874

906

893

899

874

910

852

1025

919

886

893

826

876

890

820

892

825

830

915

821

901

883

920

840

919

888

1041

880

910

889

904

887

1014

875

990

888

898

1030

880

1020

903

880

885

877

894

886

817

894

810

895

882

981

797

948

876

892

892

835

845

861

968

1013

942

819

816

916

888

901

885

878

839

841

840

911

905

899

906

863

875

882

848

801

893

875

958

854

810

867

1041

868

899

874

956

812

832

839

813

939

871

969

804

808

909

820

898

878

922

869

858

831

905

880

951

957

968

812

811

824

798

837

886

871

868

866

827

821

845

882

851

859

888

888

917

874

863

812

904

871

873

869

832

827

816

811

857

883

874

878

872

802

819

862

859

888

885

875

901

858

846

849

838

801

806

816

899

1013

895

928

822

900

852

862

814

803

913

884

995

899

889

879

893

808

870

868

892

872

817

832

863

988

906

797

841

820

881

863

809

820

883

862

882

861

792

824

801

896

926

797

824

880

886

865

942

879

807

831

1043

1044

972

817

895

796

997

874

812

811

926

888

818

885

895

866

862

797

861

899

795

939

870

1005

807

795

964

767

1004

878

916

808

800

797

857

959

859

824

854

808

900

865

854

878

879

859

795

800

848

788

795

804

791

871

885

869

856

868

807

876

882

864

861

874

803

768

823

856

801

841

798

797

827

929

881

853

890

804

805

901

794

794

792

913

838

801

805

853

873

883

806

888

866

855

798

872

893

774

811

801

789

827

799

786

866

969

847

1152

854

795

933

807

814

920

798

780

842

789

840

791

874

879

867

882

796

975

917

846

809

810

850

800

794

905

839

799

868

871

863

867

864

864

787

886

807

789

851

797

800

797

851

866

856

865

866

786

858

865

937

899

803

828

815

855

803

868

777

800

870

859

800

976

776

782

788

887

836

806

789

813

790

783

886

885

796

940

869

815

842

812

786

831

838

881

810

897

788

772

775

872

861

795

861

875

800

867

810

871

791

802

860

792

902

881

872

891

864

850

913

862

780

809

784

759

853

774

865

813

773

805

859

855

862

784

863

848

874

835

837

847

848

871

865

861

880

845

870

858

845

746

858

856

772

770

1073

889

850

780

876

896

769

872

889

800

722

952

1003

1004

781

874

843

874

862

878

872

892

874

903

890

899

895

921

928

920

925

927

933

823

878

944

997

860

932

932

948

918

952

932

911

979

974

977

967

897

943

940

1004

918

998

1007

999

1024

986

1004

1026

1016

1041

961

1004

1029

1023

1017

999

1053

1038

1028

1043

1011

995

1039

1036

969

1051

1031

1035

1034

936

961

970

1026

1041

1023

952

968

989

1026

1036

1020

1023

1011

1046

1014

1036

994

1011

956

1140

1011

954

1009

1038

1002

969

1029

1025

1020

936

930

940

975

1169

1144

1075

954

1017

1029

942

945

1036

1066

1035

927

943

1171

1028

1006

958

1041

1000

1012

1028

1021

1033

1017

1036

1031

1000

1024

1006

1007

1032

995

947

1041

1023

948

951

1026

980

1004

1212

1020

1026

940

996

954

943

952

1042

1039

947

1011

964

1030

1110

1189

1060

1162

1038

1031

1010

1000

1008

1009

1071

1003

1002

1014

1016

1019

1001

1026

995

1029

1025

1148

1140

1034

1006

981

1021

1026

988

998

1007

1136

994

1189

966

1023

1024

1028

1034

974

1008

1018

1005

1019

1007

996

1020

998

979

996

930

1032

1095

1106

1122

1025

982

983

1006

1005

1006

1004

984

1051

1002

1137

936

1007

937

1026

1021

1033

913

940

950

1007

1034

994

926

935

997

971

1021

988

938

1019

1015

944

920

955

1004

943

1021

955

947

984

942

941

1022

997

1017

1018

1032

984

954

1025

936

954

982

992

1032

977

920

941

989

1002

987

1022

1015

1011

950

1013

1006

952

935

988

942

1025

946

1018

949

1112

1017

1034

1098

1010

990

999

1004

961

1000

1100

1037

987

994

981

1008

1002

1018

1019

1014

988

987

987

999

1059

980

986

1014

986

985

1001

988

936

1011

1010

931

994

987

926

983

1030

1001

1014

988

981

929

920

925

1010

1015

1012

983

932

986

992

938

946

928

927

994

925

930

1015

982

1012

1019

935

941

1009

982

1019

983

938

928

1008

915

931

959

1070

1080

1001

1009

1117

930

1009

935

922

994

937

975

1016

984

919

911

985

939

1010

996

1020

980

1034

1007

992

1041

1045

993

923

987

1004

968

931

924

1011

1013

1013

927

1103

931

940

981

1015

990

1004

1004

998

995

1015

972

998

1277

988

1101

1012

1000

1124

997

1015

1007

982

1006

1001

1005

991

1003

1013

1018

1012

1022

996

993

1004

1010

1017

1004

1026

895

1105

1010

994

1097

1210

953

998

949

1166

923

1031

1012

1033

995

944

1115

969

989

1009

999

994

974

985

986

940

1003

1150

1023

1180

1032

959

919

923

997

1020

932

995

971

993

935

1006

995

1056

1017

1002

950

954

999

917

972

995

933

911

978

1096

1002

915

901

997

915

982

989

966

935

931

959

999

903

914

906

963

994

918

1112

1088

994

946

983

939

832

1003

988

985

985

993

931

975

934

995

1025

1031

983

1020

933

943

926

975

977

983

925

969

927

916

989

995

1002

1112

1009

1006

956

1002

938

964

1098

938

905

938

909

925

1001

934

1003

994

1002

1006

999

1110

953

929

1032

951

949

890

1039

985

903

945

945

923

1072

1014

1005

1068

937

1007

944

1041

1009

968

1046

1004

1078

919

917

1045

1004

1008

986

992

943

962

986

956

965

1030

960

1006

984

991

978

908

1011

991

997

1002

929

904

926

918

1090

903

928

973

946

1044

884

1069

1008

1088

1029

1007

994

897

906

1095

949

916

907

1108

1028

945

907

902

1012

1093

977

955

903

962

939

909

910

902

961

975

957

1086

909

939

1011

913

983

907

943

867

957

1007

910

1024

921

900

956

971

989

918

1095

1002

907

907

978

973

983

953

1100

1072

994

1005

989

964

989

974

949

894

966

995

983

900

1093

993

1115

1014

990

970

964

976

983

979

922

1103

947

963

979

973

949

1097

1100

1015

971

996

973

982

1061

977

979

983

1105

918

976

1016

969

1118

966

1104

997

911

890

892

978

948

906

881

901

980

949

969

891

1066

970

921

908

878

909

913

959

967

947

902

887

919

1006

977

978

1096

1041

979

900

909

982

981

971

883

914

891

996

962

912

997

965

948

999

891

961

916

1128

932

895

1035

908

1105

982

944

893

966

984

992

910

920

896

1067

1085

880

891

924

932

974

968

888

894

967

979

968

871

894

987

980

983

884

1050

900

919

887

893

968

1093

969

884

901

1001

974

873

899

867

892

944

984

905

902

954

1362

999

966

970

912

1087

1023

879

926

939

973

907

1033

998

992

910

997

918

967

975

978

976

937

958

936

1060

901

966

936

1109

1046

882

1087

901

994

946

1024

988

943

872

886

1006

1084

915

980

967

997

882

867

956

885

996

884

980

915

950

998

860

854

993

999

968

906

912

984

958

877

1060

965

1062

971

978

954

1003

1023

894

920

898

927

980

921

908

1079

956

980

963

1008

915

1091

869

898

990

922

965

971

882

961

952

896

1057

873

922

971

911

870

1068

1137

1108

1011

987

987

967

889

939

880

945

986

934

902

987

971

1063

915

886

967

1009

984

973

894

966

1065

881

952

963

950

969

1049

860

899

871

899

966

915

970

982

952

905

982

990

920

962

893

957

965

971

886

964

957

865

1027

1075

1032

1004

913

897

898

985

935

883

910

859

940

935

950

874

956

981

868

989

1000

1041

1052

984

873

932

990

900

884

969

956

962

935

975

962

870

983

971

968

936

961

872

870

955

995

1009

893

975

952

858

862

916

960

985

963

875

870

986

980

937

961

972

837

954

1050

947

1051

857

975

1005

995

1045

948

1107

956

963

947

1076

936

936

944

953

956

942

865

952

963

960

1049

960

924

886

978

934

877

1054

964

944

1052

896

966

993

960

953

944

973

1043

963

1060

954

1260

979

968

881

955

1011

948

943

945

1068

1126

950

1045

963

964

954

906

957

930

909

964

910

875

860

924

968

962

944

922

964

834

947

965

931

1477

891

952

882

970

968

912

988

961

936

946

998

955

952

975

946

1371

838

935

933

956

959

965

965

956

975

975

1054

952

949

908

845

950

968

941

953

1049

879

949

939

946

837

953

956

854

1083

905

844

909

886

1308

956

1368

959

1005

956

877

1367

976

1403

960

1491

944

960

934

1275

939

976

936

1307

828

984

961

861

971

951

987

969

837

934

939

909

944

956

954

969

918

942

1044

939

911

927

934

1463

928

983

924

966

1391

951

957

951

929

948

1471

857

890

938

939

1320

927

878

945

972

940

1274

927

1368

921

935

958

932

931

884

1206

863

965

965

969

965

825

850

951

957

941

848

949

921

926

843

860

847

920

942

925

845

996

957

1119

1420

943

1273

943

945

1415

926

974

960

953

966

946

1437

931

947

942

973

918

1339

956

1417

962

1403

947

950

947

880

1060

1002

944

944

936

1038

927

932

950

911

964

956

944

980

859

871

984

985

1433

954

1318

952

960

933

1321

977

1354

999

967

947

1386

954

968

1341

946

985

957

1349

946

995

973

1441

953

1436

943

995

955

1444

946

1279

952

1101

1060

951

882

928

965

951

860

887

910

934

952

938

948

878

877

948

1072

961

978

945

1035

930

1038

935

1044

950

1455

952

910

897

929

963

1030

985

944

1487

998

1414

939

1354

968

1467

941

1441

1008

1025

973

1648

918

964

983

955

1080

921

998

927

877

977

998

1068

953

968

1094

863

983

892

948

1094

996

1057

982

855

899

1472

974

1352

961

915

921

1421

921

1348

984

1457

972

1509

953

1034

977

1441

987

1421

898

1333

955

1460

875

1427

1071

983

1083

962

1088

1054

1026

1124

1138

1100

960

1074

949

1103

911

877

982

956

880

959

1102

1069

985

952

917

878

1395

980

1416

967

1352

995

1381

941

1353

1021

1407

943

1018

990

1420

964

1457

949

1361

922

1404

982

946

942

1011

957

972

1098

1019

1009

947

938

1024

885

939

973

825

973

1076

902

1069

1004

994

988

1003

980

979

938

1015

949

969

1018

949

1004

973

968

1002

1390

927

1308

979

985

941

1432

936

1389

920

1471

912

1319

967

986

949

1437

929

995

957

1008

949

872

951

947

946

1087

945

1017

976

910

951

1019

904

945

1017

908

1068

992

984

935

986

963

1021

912

884

1094

948

1072

916

1424

933

1023

927

1397

953

1474

945

1376

946

1416

1002

1015

946

1032

936

1017

933

1021

948

980

911

951

960

924

1064

985

1078

946

1011

868

967

986

1101

1069

948

922

1081

970

996

915

1058

934

1002

953

1020

1026

969

1010

932

1074

935

1005

931

1019

934

1350

926

1008

965

1308

1021

988

1378

972

1330

925

984

1096

990

1070

872

995

914

995

921

1042

935

1016

953

1042

975

1340

971

961

942

1015

1009

963

945

838

982

905

937

995

916

984

980

1061

931

1055

982

866

1406

954

1311

922

1019

930

1411

932

992

975

982

980

924

1445

1002

999

1041

1066

946

986

998

925

990

986

1033

1139

986

1009

989

1025

942

1000

955

1016

930

1203

875

1053

878

931

1078

922

1050

920

1061

986

1102

923

1073

931

1067

935

1001

927

1414

929

993

928

1432

918

858

923

1387

932

1417

1056

954

1064

909

996

967

1042

912

968

988

1133

976

1017

994

847

1073

961

1363

929

1472

962

1027

1001

998

1017

906

917

906

1068

920

931

93
